0                                 0.00  
0                                 0.00  
0                                 0.00  
0                                 0.00  
0                                 0.00  
0                                 0.00  
0                                 0.00  
0                                 0.00  
0                                 0.00  
0                                 0.00  
0                                 0.00  
0                                 0.00  
0                                 0.00  
0                                 0.00  
0                                 0.00  
0                                 0.00  
0                                 0.00  
0                                 0.00  
0                                 0.00  
0                                 0.00  
0                                 0.00  
0                                 0.00  
0                                 0.00  
0                                 0.00  
0                                 0.00  
0                                 0.00  
0                                 0.00  
0                                 0.00  
0                                 0.00  
0                                 0.00  
0                                 0.00  
0                                 0.00  
0                                 0.00  
0                                 0.00  
0                                 0.00  
0                                 0.00  
0                                 0.00  
0                                 0.00  
0                                 0.00  
0                                 0.00  
0                                 0.00  
0                                 0.00  
0                                 0.00  
0                                 0.00  
0                                 0.00  
0                                 0.00  
0                                 0.00  
0                                 0.00  
0                                 0.00  
0                                 0.00  
0                                 0.00  
0                                 0.00  
0                                 0.00  
0                                 0.00  
0                                 0.00  
0                                 0.00  
0                                 0.00  
0                                 0.00  
0                                 0.00  
0                                 0.00  
0                                 0.00  
0                                 0.00  
0                                 0.00  
0                                 0.00  
0                                 0.00  
0                                 0.00  
0                                 0.00  
0                                 0.00  
0                                 0.00  
0                                 0.00  
0                                 0.00  
0                                 0.00  
0                                 0.00  
0                                 0.00  
0                                 0.00  
0                                 0.00  
0                                 0.00  
0                                 0.00  
0                                 0.00  
0                                 0.00  
0                                 0.00  
0                                 0.00  
0                                 0.00  
0                                 0.00  
0                                 0.00  
0                                 0.00  
0                                 0.00  
0                                 0.00  
0                                 0.00  
0                                 0.00  
0                                 0.00  
0                                 0.00  
0                                 0.00  
0                                 0.00  
0                                 0.00  
0                                 0.00  
0                                 0.00  
0                                 0.00  
0                                 0.00  
0                                 0.00  
0                                 0.00  
0                                 0.00  
0                                 0.00  
0                                 0.00  
0                                 0.00  
0                                 0.00  
0                                 0.00  
0                                 0.00  
0                                 0.00  
0                                 0.00  
0                                 0.00  
0                                 0.00  
0                                 0.00  
0                                 0.00  
0                                 0.00  
0                                 0.00  
0                                 0.00  
0                                 0.00  
0                                 0.00  
0                                 0.00  
0                                 0.00  
0                                 0.00  
0                                 0.00  
0                                 0.00  
0                                 0.00  
0                                 0.00  
0                                 0.00  
0                                 0.00  
0                                 0.00  
0                                 0.00  
0                                 0.00  
0                                 0.00  
0                                 0.00  
0                                 0.00  
0                                 0.00  
1     zz        123456          122.00 0
